<!DOCTYPE HTML>
<html>
  <head>
    <meta charset="UTF-8">
    <title>TOMTOM</title>
    <script>
      // @JSON_VAR data
      var data = {
        "program": "Tomtom",
        "version": "4.12.0",
        "release": "Tue Jun 27 16:22:50 2017 -0700",
        "cmd": [
          "tomtom", "-verbosity", "1", "-oc", "dreme_tomtom_out",
          "-min-overlap", "5", "-dist", "pearson", "-evalue", "-thresh", "1",
          "-no-ssc", "-bfile", "./background", "dreme_out/dreme.xml",
          "db/EUKARYOTE/jolma2013.meme",
          "db/JASPAR/JASPAR2018_CORE_vertebrates_non-redundant.meme",
          "db/MOUSE/uniprobe_mouse.meme"
        ],
        "options": {
          "strands": "both",
          "distance_measure": "pearson",
          "threshold_type": "evalue",
          "threshold_value": 1,
          "background_source": "file",
          "background_file": "./background"
        },
        "alphabet": {
          "name": "DNA",
          "like": "dna",
          "ncore": 4,
          "symbols": [
            {
              "symbol": "A",
              "name": "Adenine",
              "colour": "CC0000",
              "complement": "T"
            }, {
              "symbol": "C",
              "name": "Cytosine",
              "colour": "0000CC",
              "complement": "G"
            }, {
              "symbol": "G",
              "name": "Guanine",
              "colour": "FFB300",
              "complement": "C"
            }, {
              "symbol": "T",
              "aliases": "U",
              "name": "Thymine",
              "colour": "008000",
              "complement": "A"
            }, {
              "symbol": "N",
              "aliases": "X.",
              "name": "Any base",
              "equals": "ACGT"
            }, {
              "symbol": "V",
              "name": "Not T",
              "equals": "ACG"
            }, {
              "symbol": "H",
              "name": "Not G",
              "equals": "ACT"
            }, {
              "symbol": "D",
              "name": "Not C",
              "equals": "AGT"
            }, {
              "symbol": "B",
              "name": "Not A",
              "equals": "CGT"
            }, {
              "symbol": "M",
              "name": "Amino",
              "equals": "AC"
            }, {
              "symbol": "R",
              "name": "Purine",
              "equals": "AG"
            }, {
              "symbol": "W",
              "name": "Weak",
              "equals": "AT"
            }, {
              "symbol": "S",
              "name": "Strong",
              "equals": "CG"
            }, {
              "symbol": "Y",
              "name": "Pyrimidine",
              "equals": "CT"
            }, {
              "symbol": "K",
              "name": "Keto",
              "equals": "GT"
            }
          ]
        },
        "background": [0.2302, 0.2698, 0.2698, 0.2302],
        "query_dbs": [
          {
            "source": "dreme_out/dreme.xml",
            "name": "dreme",
            "loaded": 37,
            "excluded": 0,
            "last_modified": "Sun May 13 23:07:43 2018"
          }
        ],
        "target_dbs": [
          {
            "source": "db/EUKARYOTE/jolma2013.meme",
            "name": "jolma2013",
            "loaded": 843,
            "excluded": 0,
            "last_modified": "Thu Dec  7 02:58:49 2017"
          }, {
            "source": "db/JASPAR/JASPAR2018_CORE_vertebrates_non-redundant.meme",
            "name": "JASPAR2018 CORE vertebrates non-redundant",
            "loaded": 579,
            "excluded": 0,
            "last_modified": "Thu Dec  7 19:38:42 2017"
          }, {
            "source": "db/MOUSE/uniprobe_mouse.meme",
            "name": "uniprobe mouse",
            "loaded": 386,
            "excluded": 0,
            "last_modified": "Thu Dec  7 02:59:31 2017"
          }
        ],
        "queries": [
          {
            "db": 0,
            "id": "AAAMAAAA",
            "alt": "DREME-21",
            "len": 8,
            "nsites": 399,
            "evalue": "7.1e-013",
            "pwm": [
              [0.999807, 6.76021e-05, 6.76021e-05, 5.76798e-05], 
              [0.999807, 6.76021e-05, 6.76021e-05, 5.76798e-05], 
              [0.999807, 6.76021e-05, 6.76021e-05, 5.76798e-05], 
              [0.721682, 0.278193, 6.76021e-05, 5.76798e-05], 
              [0.999807, 6.76021e-05, 6.76021e-05, 5.76798e-05], 
              [0.999807, 6.76021e-05, 6.76021e-05, 5.76798e-05], 
              [0.999807, 6.76021e-05, 6.76021e-05, 5.76798e-05], 
              [0.999807, 6.76021e-05, 6.76021e-05, 5.76798e-05]
            ]
          }, {
            "db": 0,
            "id": "AACCATCY",
            "alt": "DREME-29",
            "len": 8,
            "nsites": 141,
            "evalue": "8.3e-007",
            "pwm": [
              [0.999454, 0.000191212, 0.000191212, 0.000163147], 
              [0.999454, 0.000191212, 0.000191212, 0.000163147], 
              [0.000163147, 0.999482, 0.000191212, 0.000163147], 
              [0.000163147, 0.999482, 0.000191212, 0.000163147], 
              [0.999454, 0.000191212, 0.000191212, 0.000163147], 
              [0.000163147, 0.000191212, 0.000191212, 0.999454], 
              [0.000163147, 0.999482, 0.000191212, 0.000163147], 
              [0.000163147, 0.297852, 0.000191212, 0.701794]
            ]
          }, {
            "db": 0,
            "id": "ACASAYA",
            "alt": "DREME-17",
            "len": 7,
            "nsites": 1380,
            "evalue": "4.5e-021",
            "pwm": [
              [0.999944, 1.95493e-05, 1.95493e-05, 1.668e-05], 
              [1.668e-05, 0.999947, 1.95493e-05, 1.668e-05], 
              [0.999944, 1.95493e-05, 1.95493e-05, 1.668e-05], 
              [1.668e-05, 0.663739, 0.336227, 1.668e-05], 
              [0.999944, 1.95493e-05, 1.95493e-05, 1.668e-05], 
              [1.668e-05, 0.776775, 1.95493e-05, 0.223189], 
              [0.999944, 1.95493e-05, 1.95493e-05, 1.668e-05]
            ]
          }, {
            "db": 0,
            "id": "ADGCCAGA",
            "alt": "DREME-12",
            "len": 8,
            "nsites": 490,
            "evalue": "3.7e-027",
            "pwm": [
              [0.999843, 5.505e-05, 5.505e-05, 4.697e-05], 
              [0.197966, 5.505e-05, 0.557084, 0.244895], 
              [4.697e-05, 5.505e-05, 0.999851, 4.697e-05], 
              [4.697e-05, 0.999851, 5.505e-05, 4.697e-05], 
              [4.697e-05, 0.999851, 5.505e-05, 4.697e-05], 
              [0.999843, 5.505e-05, 5.505e-05, 4.697e-05], 
              [4.697e-05, 5.505e-05, 0.999851, 4.697e-05], 
              [0.999843, 5.505e-05, 5.505e-05, 4.697e-05]
            ]
          }, {
            "db": 0,
            "id": "AGRGGGCR",
            "alt": "DREME-4",
            "len": 8,
            "nsites": 1443,
            "evalue": "7.1e-167",
            "pwm": [
              [0.999947, 1.86959e-05, 1.86959e-05, 1.59518e-05], 
              [1.59518e-05, 1.86959e-05, 0.999949, 1.59518e-05], 
              [0.703363, 1.86959e-05, 0.296602, 1.59518e-05], 
              [1.59518e-05, 1.86959e-05, 0.999949, 1.59518e-05], 
              [1.59518e-05, 1.86959e-05, 0.999949, 1.59518e-05], 
              [1.59518e-05, 1.86959e-05, 0.999949, 1.59518e-05], 
              [1.59518e-05, 0.999949, 1.86959e-05, 1.59518e-05], 
              [0.570316, 1.86959e-05, 0.429649, 1.59518e-05]
            ]
          }, {
            "db": 0,
            "id": "AGRTGGCA",
            "alt": "DREME-35",
            "len": 8,
            "nsites": 233,
            "evalue": "2.0e-003",
            "pwm": [
              [0.99967, 0.000115744, 0.000115744, 9.87559e-05], 
              [9.87559e-05, 0.000115744, 0.999687, 9.87559e-05], 
              [0.394779, 0.000115744, 0.605006, 9.87559e-05], 
              [9.87559e-05, 0.000115744, 0.000115744, 0.99967], 
              [9.87559e-05, 0.000115744, 0.999687, 9.87559e-05], 
              [9.87559e-05, 0.000115744, 0.999687, 9.87559e-05], 
              [9.87559e-05, 0.999687, 0.000115744, 9.87559e-05], 
              [0.99967, 0.000115744, 0.000115744, 9.87559e-05]
            ]
          }, {
            "db": 0,
            "id": "AGRTGGCG",
            "alt": "DREME-13",
            "len": 8,
            "nsites": 260,
            "evalue": "3.8e-025",
            "pwm": [
              [0.999704, 0.000103729, 0.000103729, 8.85044e-05], 
              [8.85044e-05, 0.000103729, 0.999719, 8.85044e-05], 
              [0.484517, 0.000103729, 0.515291, 8.85044e-05], 
              [8.85044e-05, 0.000103729, 0.000103729, 0.999704], 
              [8.85044e-05, 0.000103729, 0.999719, 8.85044e-05], 
              [8.85044e-05, 0.000103729, 0.999719, 8.85044e-05], 
              [8.85044e-05, 0.999719, 0.000103729, 8.85044e-05], 
              [8.85044e-05, 0.000103729, 0.999719, 8.85044e-05]
            ]
          }, {
            "db": 0,
            "id": "ARCCATGC",
            "alt": "DREME-34",
            "len": 8,
            "nsites": 142,
            "evalue": "1.1e-003",
            "pwm": [
              [0.999458, 0.000189866, 0.000189866, 0.000161999], 
              [0.359064, 0.000189866, 0.640584, 0.000161999], 
              [0.000161999, 0.999486, 0.000189866, 0.000161999], 
              [0.000161999, 0.999486, 0.000189866, 0.000161999], 
              [0.999458, 0.000189866, 0.000189866, 0.000161999], 
              [0.000161999, 0.000189866, 0.000189866, 0.999458], 
              [0.000161999, 0.000189866, 0.999486, 0.000161999], 
              [0.000161999, 0.999486, 0.000189866, 0.000161999]
            ]
          }, {
            "db": 0,
            "id": "ATATACAY",
            "alt": "DREME-36",
            "len": 8,
            "nsites": 50,
            "evalue": "3.3e-003",
            "pwm": [
              [0.998463, 0.000538523, 0.000538523, 0.000459481], 
              [0.000459481, 0.000538523, 0.000538523, 0.998463], 
              [0.998463, 0.000538523, 0.000538523, 0.000459481], 
              [0.000459481, 0.000538523, 0.000538523, 0.998463], 
              [0.998463, 0.000538523, 0.000538523, 0.000459481], 
              [0.000459481, 0.998543, 0.000538523, 0.000459481], 
              [0.998463, 0.000538523, 0.000538523, 0.000459481], 
              [0.000459481, 0.499541, 0.000538523, 0.499461]
            ]
          }, {
            "db": 0,
            "id": "ATCTRTAA",
            "alt": "DREME-9",
            "len": 8,
            "nsites": 250,
            "evalue": "3.4e-043",
            "pwm": [
              [0.999692, 0.000107877, 0.000107877, 9.20432e-05], 
              [9.20432e-05, 0.000107877, 0.000107877, 0.999692], 
              [9.20432e-05, 0.999708, 0.000107877, 9.20432e-05], 
              [9.20432e-05, 0.000107877, 0.000107877, 0.999692], 
              [0.299972, 0.000107877, 0.699828, 9.20432e-05], 
              [9.20432e-05, 0.000107877, 0.000107877, 0.999692], 
              [0.999692, 0.000107877, 0.000107877, 9.20432e-05], 
              [0.999692, 0.000107877, 0.000107877, 9.20432e-05]
            ]
          }, {
            "db": 0,
            "id": "ATGGCGRC",
            "alt": "DREME-32",
            "len": 8,
            "nsites": 87,
            "evalue": "1.4e-004",
            "pwm": [
              [0.999116, 0.000309759, 0.000309759, 0.000264294], 
              [0.000264294, 0.000309759, 0.000309759, 0.999116], 
              [0.000264294, 0.000309759, 0.999162, 0.000264294], 
              [0.000264294, 0.000309759, 0.999162, 0.000264294], 
              [0.000264294, 0.999162, 0.000309759, 0.000264294], 
              [0.000264294, 0.000309759, 0.999162, 0.000264294], 
              [0.390621, 0.000309759, 0.608805, 0.000264294], 
              [0.000264294, 0.999162, 0.000309759, 0.000264294]
            ]
          }, {
            "db": 0,
            "id": "BAGATA",
            "alt": "DREME-23",
            "len": 6,
            "nsites": 1002,
            "evalue": "2.3e-012",
            "pwm": [
              [2.29718e-05, 0.377235, 0.373243, 0.249499], 
              [0.999923, 2.69235e-05, 2.69235e-05, 2.29718e-05], 
              [2.29718e-05, 2.69235e-05, 0.999927, 2.29718e-05], 
              [0.999923, 2.69235e-05, 2.69235e-05, 2.29718e-05], 
              [2.29718e-05, 2.69235e-05, 2.69235e-05, 0.999923], 
              [0.999923, 2.69235e-05, 2.69235e-05, 2.29718e-05]
            ]
          }, {
            "db": 0,
            "id": "CACGHG",
            "alt": "DREME-7",
            "len": 6,
            "nsites": 1910,
            "evalue": "3.5e-060",
            "pwm": [
              [1.20517e-05, 0.999962, 1.41249e-05, 1.20517e-05], 
              [0.99996, 1.41249e-05, 1.41249e-05, 1.20517e-05], 
              [1.20517e-05, 0.999962, 1.41249e-05, 1.20517e-05], 
              [1.20517e-05, 1.41249e-05, 0.999962, 1.20517e-05], 
              [0.391091, 0.563859, 1.41249e-05, 0.0450357], 
              [1.20517e-05, 1.41249e-05, 0.999962, 1.20517e-05]
            ]
          }, {
            "db": 0,
            "id": "CACGY",
            "alt": "DREME-15",
            "len": 5,
            "nsites": 3489,
            "evalue": "2.1e-023",
            "pwm": [
              [6.59769e-06, 0.999979, 7.73265e-06, 6.59769e-06], 
              [0.999978, 7.73265e-06, 7.73265e-06, 6.59769e-06], 
              [6.59769e-06, 0.999979, 7.73265e-06, 6.59769e-06], 
              [6.59769e-06, 7.73265e-06, 0.999979, 6.59769e-06], 
              [6.59769e-06, 0.691877, 7.73265e-06, 0.308109]
            ]
          }, {
            "db": 0,
            "id": "CACRTGB",
            "alt": "DREME-1",
            "len": 7,
            "nsites": 5726,
            "evalue": "1.7e-917",
            "pwm": [
              [4.02019e-06, 0.999987, 4.71176e-06, 4.02019e-06], 
              [0.999987, 4.71176e-06, 4.71176e-06, 4.02019e-06], 
              [4.02019e-06, 0.999987, 4.71176e-06, 4.02019e-06], 
              [0.530033, 4.71176e-06, 0.469959, 4.02019e-06], 
              [4.02019e-06, 4.71176e-06, 4.71176e-06, 0.999987], 
              [4.02019e-06, 4.71176e-06, 0.999987, 4.02019e-06], 
              [4.02019e-06, 0.279602, 0.495455, 0.224939]
            ]
          }, {
            "db": 0,
            "id": "CAGATCYC",
            "alt": "DREME-11",
            "len": 8,
            "nsites": 379,
            "evalue": "1.3e-030",
            "pwm": [
              [6.07228e-05, 0.999807, 7.11685e-05, 6.07228e-05], 
              [0.999797, 7.11685e-05, 7.11685e-05, 6.07228e-05], 
              [6.07228e-05, 7.11685e-05, 0.999807, 6.07228e-05], 
              [0.999797, 7.11685e-05, 7.11685e-05, 6.07228e-05], 
              [6.07228e-05, 7.11685e-05, 7.11685e-05, 0.999797], 
              [6.07228e-05, 0.999807, 7.11685e-05, 6.07228e-05], 
              [6.07228e-05, 0.556652, 7.11685e-05, 0.443216], 
              [6.07228e-05, 0.999807, 7.11685e-05, 6.07228e-05]
            ]
          }, {
            "db": 0,
            "id": "CCKCCKCC",
            "alt": "DREME-25",
            "len": 8,
            "nsites": 460,
            "evalue": "6.0e-011",
            "pwm": [
              [5.00326e-05, 0.999841, 5.86394e-05, 5.00326e-05], 
              [5.00326e-05, 0.999841, 5.86394e-05, 5.00326e-05], 
              [5.00326e-05, 5.86394e-05, 0.582541, 0.41735], 
              [5.00326e-05, 0.999841, 5.86394e-05, 5.00326e-05], 
              [5.00326e-05, 0.999841, 5.86394e-05, 5.00326e-05], 
              [5.00326e-05, 5.86394e-05, 0.384758, 0.615133], 
              [5.00326e-05, 0.999841, 5.86394e-05, 5.00326e-05], 
              [5.00326e-05, 0.999841, 5.86394e-05, 5.00326e-05]
            ]
          }, {
            "db": 0,
            "id": "CTCTTAAC",
            "alt": "DREME-19",
            "len": 8,
            "nsites": 121,
            "evalue": "1.5e-017",
            "pwm": [
              [0.000190091, 0.999397, 0.000222791, 0.000190091], 
              [0.000190091, 0.000222791, 0.000222791, 0.999364], 
              [0.000190091, 0.999397, 0.000222791, 0.000190091], 
              [0.000190091, 0.000222791, 0.000222791, 0.999364], 
              [0.000190091, 0.000222791, 0.000222791, 0.999364], 
              [0.999364, 0.000222791, 0.000222791, 0.000190091], 
              [0.999364, 0.000222791, 0.000222791, 0.000190091], 
              [0.000190091, 0.999397, 0.000222791, 0.000190091]
            ]
          }, {
            "db": 0,
            "id": "CTGMCTGC",
            "alt": "DREME-33",
            "len": 8,
            "nsites": 305,
            "evalue": "6.8e-004",
            "pwm": [
              [7.54507e-05, 0.999761, 8.843e-05, 7.54507e-05], 
              [7.54507e-05, 8.843e-05, 8.843e-05, 0.999748], 
              [7.54507e-05, 8.843e-05, 0.999761, 7.54507e-05], 
              [0.390112, 0.609725, 8.843e-05, 7.54507e-05], 
              [7.54507e-05, 0.999761, 8.843e-05, 7.54507e-05], 
              [7.54507e-05, 8.843e-05, 8.843e-05, 0.999748], 
              [7.54507e-05, 8.843e-05, 0.999761, 7.54507e-05], 
              [7.54507e-05, 0.999761, 8.843e-05, 7.54507e-05]
            ]
          }, {
            "db": 0,
            "id": "CTKTAA",
            "alt": "DREME-37",
            "len": 6,
            "nsites": 1063,
            "evalue": "3.9e-003",
            "pwm": [
              [2.16537e-05, 0.999931, 2.53786e-05, 2.16537e-05], 
              [2.16537e-05, 2.53786e-05, 2.53786e-05, 0.999928], 
              [2.16537e-05, 2.53786e-05, 0.580404, 0.419549], 
              [2.16537e-05, 2.53786e-05, 2.53786e-05, 0.999928], 
              [0.999928, 2.53786e-05, 2.53786e-05, 2.16537e-05], 
              [0.999928, 2.53786e-05, 2.53786e-05, 2.16537e-05]
            ]
          }, {
            "db": 0,
            "id": "CYCCDCCC",
            "alt": "DREME-6",
            "len": 8,
            "nsites": 1476,
            "evalue": "3.2e-074",
            "pwm": [
              [1.55952e-05, 0.999951, 1.82779e-05, 1.55952e-05], 
              [1.55952e-05, 0.573827, 1.82779e-05, 0.426139], 
              [1.55952e-05, 0.999951, 1.82779e-05, 1.55952e-05], 
              [1.55952e-05, 0.999951, 1.82779e-05, 1.55952e-05], 
              [0.325197, 1.82779e-05, 0.334684, 0.340101], 
              [1.55952e-05, 0.999951, 1.82779e-05, 1.55952e-05], 
              [1.55952e-05, 0.999951, 1.82779e-05, 1.55952e-05], 
              [1.55952e-05, 0.999951, 1.82779e-05, 1.55952e-05]
            ]
          }, {
            "db": 0,
            "id": "CYGGRA",
            "alt": "DREME-16",
            "len": 6,
            "nsites": 2778,
            "evalue": "3.6e-023",
            "pwm": [
              [8.28624e-06, 0.999974, 9.71167e-06, 8.28624e-06], 
              [8.28624e-06, 0.320372, 9.71167e-06, 0.67961], 
              [8.28624e-06, 9.71167e-06, 0.999974, 8.28624e-06], 
              [8.28624e-06, 9.71167e-06, 0.999974, 8.28624e-06], 
              [0.450676, 9.71167e-06, 0.549306, 8.28624e-06], 
              [0.999972, 9.71167e-06, 9.71167e-06, 8.28624e-06]
            ]
          }, {
            "db": 0,
            "id": "DAATAAA",
            "alt": "DREME-18",
            "len": 7,
            "nsites": 510,
            "evalue": "5.5e-020",
            "pwm": [
              [0.550917, 5.28916e-05, 0.194133, 0.254897], 
              [0.999849, 5.28916e-05, 5.28916e-05, 4.51284e-05], 
              [0.999849, 5.28916e-05, 5.28916e-05, 4.51284e-05], 
              [4.51284e-05, 5.28916e-05, 5.28916e-05, 0.999849], 
              [0.999849, 5.28916e-05, 5.28916e-05, 4.51284e-05], 
              [0.999849, 5.28916e-05, 5.28916e-05, 4.51284e-05], 
              [0.999849, 5.28916e-05, 5.28916e-05, 4.51284e-05]
            ]
          }, {
            "db": 0,
            "id": "GAGTTCAA",
            "alt": "DREME-14",
            "len": 8,
            "nsites": 207,
            "evalue": "9.5e-024",
            "pwm": [
              [0.000111154, 0.000130275, 0.999647, 0.000111154], 
              [0.999628, 0.000130275, 0.000130275, 0.000111154], 
              [0.000111154, 0.000130275, 0.999647, 0.000111154], 
              [0.000111154, 0.000130275, 0.000130275, 0.999628], 
              [0.000111154, 0.000130275, 0.000130275, 0.999628], 
              [0.000111154, 0.999647, 0.000130275, 0.000111154], 
              [0.999628, 0.000130275, 0.000130275, 0.000111154], 
              [0.999628, 0.000130275, 0.000130275, 0.000111154]
            ]
          }, {
            "db": 0,
            "id": "GCGCAKGC",
            "alt": "DREME-20",
            "len": 8,
            "nsites": 322,
            "evalue": "2.5e-016",
            "pwm": [
              [7.14685e-05, 8.37628e-05, 0.999773, 7.14685e-05], 
              [7.14685e-05, 0.999773, 8.37628e-05, 7.14685e-05], 
              [7.14685e-05, 8.37628e-05, 0.999773, 7.14685e-05], 
              [7.14685e-05, 0.999773, 8.37628e-05, 7.14685e-05], 
              [0.999761, 8.37628e-05, 8.37628e-05, 7.14685e-05], 
              [7.14685e-05, 8.37628e-05, 0.524766, 0.475079], 
              [7.14685e-05, 8.37628e-05, 0.999773, 7.14685e-05], 
              [7.14685e-05, 0.999773, 8.37628e-05, 7.14685e-05]
            ]
          }, {
            "db": 0,
            "id": "GGGHGGGA",
            "alt": "DREME-30",
            "len": 8,
            "nsites": 286,
            "evalue": "3.6e-005",
            "pwm": [
              [8.04614e-05, 9.43027e-05, 0.999745, 8.04614e-05], 
              [8.04614e-05, 9.43027e-05, 0.999745, 8.04614e-05], 
              [8.04614e-05, 9.43027e-05, 0.999745, 8.04614e-05], 
              [0.395047, 0.346127, 9.43027e-05, 0.258731], 
              [8.04614e-05, 9.43027e-05, 0.999745, 8.04614e-05], 
              [8.04614e-05, 9.43027e-05, 0.999745, 8.04614e-05], 
              [8.04614e-05, 9.43027e-05, 0.999745, 8.04614e-05], 
              [0.999731, 9.43027e-05, 9.43027e-05, 8.04614e-05]
            ]
          }, {
            "db": 0,
            "id": "GRACTACA",
            "alt": "DREME-27",
            "len": 8,
            "nsites": 149,
            "evalue": "5.0e-008",
            "pwm": [
              [0.000154393, 0.000180952, 0.99951, 0.000154393], 
              [0.44281, 0.000180952, 0.556854, 0.000154393], 
              [0.999484, 0.000180952, 0.000180952, 0.000154393], 
              [0.000154393, 0.99951, 0.000180952, 0.000154393], 
              [0.000154393, 0.000180952, 0.000180952, 0.999484], 
              [0.999484, 0.000180952, 0.000180952, 0.000154393], 
              [0.000154393, 0.99951, 0.000180952, 0.000154393], 
              [0.999484, 0.000180952, 0.000180952, 0.000154393]
            ]
          }, {
            "db": 0,
            "id": "MGGAAGY",
            "alt": "DREME-3",
            "len": 7,
            "nsites": 2565,
            "evalue": "9.3e-210",
            "pwm": [
              [0.630393, 0.369587, 1.05181e-05, 8.97431e-06], 
              [8.97431e-06, 1.05181e-05, 0.999972, 8.97431e-06], 
              [8.97431e-06, 1.05181e-05, 0.999972, 8.97431e-06], 
              [0.99997, 1.05181e-05, 1.05181e-05, 8.97431e-06], 
              [0.99997, 1.05181e-05, 1.05181e-05, 8.97431e-06], 
              [8.97431e-06, 1.05181e-05, 0.999972, 8.97431e-06], 
              [8.97431e-06, 0.428844, 1.05181e-05, 0.571137]
            ]
          }, {
            "db": 0,
            "id": "RGRAA",
            "alt": "DREME-5",
            "len": 5,
            "nsites": 14123,
            "evalue": "1.9e-080",
            "pwm": [
              [0.532534, 1.91035e-06, 0.467463, 1.62995e-06], 
              [1.62995e-06, 1.91035e-06, 0.999995, 1.62995e-06], 
              [0.496776, 1.91035e-06, 0.50322, 1.62995e-06], 
              [0.999995, 1.91035e-06, 1.91035e-06, 1.62995e-06], 
              [0.999995, 1.91035e-06, 1.91035e-06, 1.62995e-06]
            ]
          }, {
            "db": 0,
            "id": "TAACTCCA",
            "alt": "DREME-22",
            "len": 8,
            "nsites": 108,
            "evalue": "1.4e-012",
            "pwm": [
              [0.000212951, 0.000249584, 0.000249584, 0.999288], 
              [0.999288, 0.000249584, 0.000249584, 0.000212951], 
              [0.999288, 0.000249584, 0.000249584, 0.000212951], 
              [0.000212951, 0.999325, 0.000249584, 0.000212951], 
              [0.000212951, 0.000249584, 0.000249584, 0.999288], 
              [0.000212951, 0.999325, 0.000249584, 0.000212951], 
              [0.000212951, 0.999325, 0.000249584, 0.000212951], 
              [0.999288, 0.000249584, 0.000249584, 0.000212951]
            ]
          }, {
            "db": 0,
            "id": "TCTGAAGA",
            "alt": "DREME-31",
            "len": 8,
            "nsites": 109,
            "evalue": "1.1e-004",
            "pwm": [
              [0.000210999, 0.000247296, 0.000247296, 0.999294], 
              [0.000210999, 0.999331, 0.000247296, 0.000210999], 
              [0.000210999, 0.000247296, 0.000247296, 0.999294], 
              [0.000210999, 0.000247296, 0.999331, 0.000210999], 
              [0.999294, 0.000247296, 0.000247296, 0.000210999], 
              [0.999294, 0.000247296, 0.000247296, 0.000210999], 
              [0.000210999, 0.000247296, 0.999331, 0.000210999], 
              [0.999294, 0.000247296, 0.000247296, 0.000210999]
            ]
          }, {
            "db": 0,
            "id": "TGACGTMA",
            "alt": "DREME-24",
            "len": 8,
            "nsites": 94,
            "evalue": "1.9e-011",
            "pwm": [
              [0.000244633, 0.000286716, 0.000286716, 0.999182], 
              [0.000244633, 0.000286716, 0.999224, 0.000244633], 
              [0.999182, 0.000286716, 0.000286716, 0.000244633], 
              [0.000244633, 0.999224, 0.000286716, 0.000244633], 
              [0.000244633, 0.000286716, 0.999224, 0.000244633], 
              [0.000244633, 0.000286716, 0.000286716, 0.999182], 
              [0.265919, 0.73355, 0.000286716, 0.000244633], 
              [0.999182, 0.000286716, 0.000286716, 0.000244633]
            ]
          }, {
            "db": 0,
            "id": "TGAGYCA",
            "alt": "DREME-8",
            "len": 7,
            "nsites": 1079,
            "evalue": "1.6e-043",
            "pwm": [
              [2.13326e-05, 2.50023e-05, 2.50023e-05, 0.999929], 
              [2.13326e-05, 2.50023e-05, 0.999932, 2.13326e-05], 
              [0.999929, 2.50023e-05, 2.50023e-05, 2.13326e-05], 
              [2.13326e-05, 2.50023e-05, 0.999932, 2.13326e-05], 
              [2.13326e-05, 0.600525, 2.50023e-05, 0.399428], 
              [2.13326e-05, 0.999932, 2.50023e-05, 2.13326e-05], 
              [0.999929, 2.50023e-05, 2.50023e-05, 2.13326e-05]
            ]
          }, {
            "db": 0,
            "id": "TGCATGYA",
            "alt": "DREME-28",
            "len": 8,
            "nsites": 174,
            "evalue": "7.5e-007",
            "pwm": [
              [0.000132223, 0.000154968, 0.000154968, 0.999558], 
              [0.000132223, 0.000154968, 0.999581, 0.000132223], 
              [0.000132223, 0.999581, 0.000154968, 0.000132223], 
              [0.999558, 0.000154968, 0.000154968, 0.000132223], 
              [0.000132223, 0.000154968, 0.000154968, 0.999558], 
              [0.000132223, 0.000154968, 0.999581, 0.000132223], 
              [0.000132223, 0.350529, 0.000154968, 0.649184], 
              [0.999558, 0.000154968, 0.000154968, 0.000132223]
            ]
          }, {
            "db": 0,
            "id": "TGTGGTTW",
            "alt": "DREME-26",
            "len": 8,
            "nsites": 177,
            "evalue": "8.0e-009",
            "pwm": [
              [0.000129983, 0.000152343, 0.000152343, 0.999565], 
              [0.000129983, 0.000152343, 0.999588, 0.000129983], 
              [0.000129983, 0.000152343, 0.000152343, 0.999565], 
              [0.000129983, 0.000152343, 0.999588, 0.000129983], 
              [0.000129983, 0.000152343, 0.999588, 0.000129983], 
              [0.000129983, 0.000152343, 0.000152343, 0.999565], 
              [0.000129983, 0.000152343, 0.000152343, 0.999565], 
              [0.378447, 0.000152343, 0.000152343, 0.621248]
            ]
          }, {
            "db": 0,
            "id": "TTATCW",
            "alt": "DREME-2",
            "len": 6,
            "nsites": 2640,
            "evalue": "1.8e-218",
            "pwm": [
              [8.71937e-06, 1.02193e-05, 1.02193e-05, 0.999971], 
              [8.71937e-06, 1.02193e-05, 1.02193e-05, 0.999971], 
              [0.999971, 1.02193e-05, 1.02193e-05, 8.71937e-06], 
              [8.71937e-06, 1.02193e-05, 1.02193e-05, 0.999971], 
              [8.71937e-06, 0.999972, 1.02193e-05, 8.71937e-06], 
              [0.378024, 1.02193e-05, 1.02193e-05, 0.621955]
            ]
          }, {
            "db": 0,
            "id": "TTWAAWA",
            "alt": "DREME-10",
            "len": 7,
            "nsites": 725,
            "evalue": "2.0e-036",
            "pwm": [
              [3.17474e-05, 3.72087e-05, 3.72087e-05, 0.999894], 
              [3.17474e-05, 3.72087e-05, 3.72087e-05, 0.999894], 
              [0.544785, 3.72087e-05, 3.72087e-05, 0.455141], 
              [0.999894, 3.72087e-05, 3.72087e-05, 3.17474e-05], 
              [0.999894, 3.72087e-05, 3.72087e-05, 3.17474e-05], 
              [0.732345, 3.72087e-05, 3.72087e-05, 0.267581], 
              [0.999894, 3.72087e-05, 3.72087e-05, 3.17474e-05]
            ]
          }
        ],
        "targets": [
          {
            "db": 0,
            "id": "ATF7_DBD",
            "len": 14,
            "nsites": 20,
            "url": "http://floresta.eead.csic.es/footprintdb/index.php?db=HumanTF:1.0&motif=ATF7_DBD",
            "pwm": [
              [0.203033, 0.341391, 0.215532, 0.240044], 
              [0.265216, 0.126943, 0.377064, 0.230778], 
              [0.819216, 0.0169174, 0.160986, 0.0028806], 
              [0.00170945, 0.00154726, 0.00354925, 0.993193], 
              [0.00237015, 0.00167164, 0.911945, 0.0840129], 
              [0.992171, 0.00175224, 0.00431642, 0.0017602], 
              [0.00216816, 0.990177, 0.00303085, 0.00462388], 
              [0.00519304, 0.00180298, 0.991654, 0.00135025], 
              [0.00242488, 0.00216119, 0.00528159, 0.990132], 
              [0.122619, 0.871606, 0.00363881, 0.00213532], 
              [0.992989, 0.00144478, 0.00385672, 0.00170945], 
              [0.00415025, 0.269005, 0.0174647, 0.70938], 
              [0.290866, 0.41914, 0.110939, 0.179055], 
              [0.293512, 0.254589, 0.304621, 0.147278]
            ]
          }, {
            "db": 0,
            "id": "BATF3_DBD",
            "len": 14,
            "nsites": 20,
            "url": "http://floresta.eead.csic.es/footprintdb/index.php?db=HumanTF:1.0&motif=BATF3_DBD",
            "pwm": [
              [0.0513353, 0.124308, 0.0389851, 0.78537], 
              [0.0287851, 0.0145612, 0.93508, 0.0215741], 
              [0.921776, 0.0269154, 0.0478388, 0.00346965], 
              [0.00250249, 0.00134229, 0.00134229, 0.994813], 
              [0.00114527, 0.00134229, 0.996367, 0.00114527], 
              [0.99617, 0.00134229, 0.00134229, 0.00114527], 
              [0.00314328, 0.994369, 0.00134229, 0.00114527], 
              [0.0117025, 0.00134229, 0.98581, 0.00114527], 
              [0.00114527, 0.00134229, 0.00420995, 0.993302], 
              [0.0125383, 0.97548, 0.0051403, 0.00684179], 
              [0.991455, 0.00134229, 0.00134229, 0.0058607], 
              [0.00773532, 0.0527413, 0.0369264, 0.902598], 
              [0.0330716, 0.923647, 0.0137582, 0.0295234], 
              [0.616785, 0.0427294, 0.254841, 0.0856448]
            ]
          }, {
            "db": 0,
            "id": "CREB3L1_DBD_2",
            "len": 12,
            "nsites": 20,
            "url": "http://floresta.eead.csic.es/footprintdb/index.php?db=HumanTF:1.0&motif=CREB3L1_DBD_2",
            "pwm": [
              [0.0723294, 0.153381, 0.101154, 0.673135], 
              [0.051004, 0.0296169, 0.85456, 0.0648179], 
              [0.143796, 0.816164, 0.0119274, 0.0281124], 
              [0.0457791, 0.845792, 0.0418716, 0.0665572], 
              [0.988491, 0.00134229, 0.00609652, 0.00407065], 
              [0.0014408, 0.993709, 0.00163781, 0.00321194], 
              [0.00160995, 0.00227164, 0.99474, 0.00137811], 
              [0.00234627, 0.00470348, 0.00278308, 0.990167], 
              [0.065403, 0.0450468, 0.820901, 0.0686488], 
              [0.0478925, 0.0185652, 0.777597, 0.155945], 
              [0.082003, 0.79993, 0.0353502, 0.0827164], 
              [0.574053, 0.129866, 0.191343, 0.104738]
            ]
          }, {
            "db": 0,
            "id": "CREB3L1_DBD_3",
            "len": 12,
            "nsites": 20,
            "url": "http://floresta.eead.csic.es/footprintdb/index.php?db=HumanTF:1.0&motif=CREB3L1_DBD_3",
            "pwm": [
              [0.0621443, 0.151041, 0.0990557, 0.687759], 
              [0.0551751, 0.0247483, 0.849686, 0.070391], 
              [0.14353, 0.806467, 0.0113154, 0.0386866], 
              [0.041596, 0.872196, 0.03881, 0.047398], 
              [0.990529, 0.00205871, 0.00545672, 0.00195522], 
              [0.00163582, 0.992595, 0.00387463, 0.00189453], 
              [0.00131443, 0.0016796, 0.995258, 0.00174826], 
              [0.0013801, 0.00273333, 0.00483085, 0.991055], 
              [0.0388527, 0.0413095, 0.860523, 0.0593144], 
              [0.0338677, 0.0106149, 0.805921, 0.149596], 
              [0.0547403, 0.845914, 0.0266716, 0.0726736], 
              [0.63877, 0.105389, 0.160737, 0.0951035]
            ]
          }, {
            "db": 0,
            "id": "CREB3L1_full_1",
            "len": 12,
            "nsites": 20,
            "url": "http://floresta.eead.csic.es/footprintdb/index.php?db=HumanTF:1.0&motif=CREB3L1_full_1",
            "pwm": [
              [0.0355751, 0.0805313, 0.0977463, 0.786147], 
              [0.0277184, 0.0161055, 0.913695, 0.0424816], 
              [0.0840637, 0.898372, 0.0088806, 0.00868358], 
              [0.0527393, 0.915292, 0.0160836, 0.0158866], 
              [0.986415, 0.0062199, 0.0062199, 0.00114527], 
              [0.00885871, 0.988654, 0.00134229, 0.00114527], 
              [0.00114527, 0.00134229, 0.996367, 0.00114527], 
              [0.00485771, 0.00134229, 0.00134229, 0.992458], 
              [0.0353383, 0.00818109, 0.900626, 0.0558547], 
              [0.027591, 0.00795423, 0.870749, 0.0937055], 
              [0.0366816, 0.91108, 0.0155572, 0.0366816], 
              [0.776116, 0.0396129, 0.130504, 0.0537672]
            ]
          }, {
            "db": 0,
            "id": "CREB3_full_1",
            "len": 14,
            "nsites": 20,
            "url": "http://floresta.eead.csic.es/footprintdb/index.php?db=HumanTF:1.0&motif=CREB3_full_1",
            "pwm": [
              [0.158255, 0.350474, 0.175908, 0.315363], 
              [0.2477, 0.221481, 0.335952, 0.194867], 
              [0.473782, 0.042802, 0.473979, 0.00943682], 
              [0.00114527, 0.00134229, 0.00134229, 0.99617], 
              [0.00114527, 0.00977512, 0.962638, 0.0264428], 
              [0.987517, 0.00134229, 0.00134229, 0.00979801], 
              [0.00114527, 0.987714, 0.00134229, 0.00979801], 
              [0.00114527, 0.00134229, 0.987714, 0.00979801], 
              [0.00114527, 0.00999502, 0.00134229, 0.987517], 
              [0.00114527, 0.987714, 0.00999502, 0.00114527], 
              [0.970657, 0.00984677, 0.00984677, 0.00964975], 
              [0.00936816, 0.43718, 0.0506826, 0.502769], 
              [0.0804587, 0.823319, 0.037394, 0.0588279], 
              [0.498658, 0.254463, 0.175908, 0.0709711]
            ]
          }, {
            "db": 0,
            "id": "CTCF_full",
            "len": 17,
            "nsites": 20,
            "url": "http://floresta.eead.csic.es/footprintdb/index.php?db=HumanTF:1.0&motif=CTCF_full",
            "pwm": [
              [0.454212, 0.0469582, 0.146126, 0.352704], 
              [0.173973, 0.026004, 0.756868, 0.0431562], 
              [0.00114527, 0.937645, 0.00134229, 0.0598677], 
              [0.00618706, 0.00134229, 0.98455, 0.0079204], 
              [0.0631532, 0.929135, 0.00211642, 0.00559503], 
              [0.00565373, 0.991859, 0.00134229, 0.00114527], 
              [0.506204, 0.452452, 0.0192965, 0.0220488], 
              [0.00896816, 0.638946, 0.00134229, 0.350743], 
              [0.00114527, 0.996255, 0.00145473, 0.00114527], 
              [0.00372736, 0.00476119, 0.00294726, 0.988564], 
              [0.761006, 0.022198, 0.118205, 0.098591], 
              [0.00842687, 0.132092, 0.79652, 0.0629602], 
              [0.0148448, 0.38739, 0.00134229, 0.596424], 
              [0.00137711, 0.00134229, 0.982127, 0.0151532], 
              [0.0407353, 0.0124587, 0.729084, 0.217722], 
              [0.152346, 0.281916, 0.00947065, 0.556268], 
              [0.363747, 0.310324, 0.212723, 0.113205]
            ]
          }, {
            "db": 0,
            "id": "Creb3l2_DBD_2",
            "len": 12,
            "nsites": 20,
            "url": "http://floresta.eead.csic.es/footprintdb/index.php?db=HumanTF:1.0&motif=Creb3l2_DBD_2",
            "pwm": [
              [0.0359821, 0.0819025, 0.0971433, 0.784972], 
              [0.0211662, 0.0253672, 0.89226, 0.061207], 
              [0.0806199, 0.811985, 0.0108796, 0.0965154], 
              [0.00114527, 0.859122, 0.113634, 0.0260985], 
              [0.99152, 0.00134229, 0.00599204, 0.00114527], 
              [0.00114527, 0.996367, 0.00134229, 0.00114527], 
              [0.00114527, 0.00134229, 0.996367, 0.00114527], 
              [0.011196, 0.00134229, 0.00636816, 0.981094], 
              [0.0115751, 0.1119, 0.867035, 0.00948955], 
              [0.0837015, 0.00134229, 0.850807, 0.0641493], 
              [0.137775, 0.821124, 0.00431244, 0.0367881], 
              [0.648365, 0.273537, 0.0769522, 0.00114527]
            ]
          }, {
            "db": 0,
            "id": "Creb5_DBD",
            "len": 12,
            "nsites": 20,
            "url": "http://floresta.eead.csic.es/footprintdb/index.php?db=HumanTF:1.0&motif=Creb5_DBD",
            "pwm": [
              [0.324132, 0.200186, 0.287785, 0.187898], 
              [0.873058, 0.0547771, 0.061604, 0.0105612], 
              [0.00274726, 0.00561493, 0.00134229, 0.990296], 
              [0.00393234, 0.00262886, 0.795476, 0.197963], 
              [0.993224, 0.00134229, 0.00160995, 0.00382388], 
              [0.00114527, 0.981287, 0.00134229, 0.0162259], 
              [0.0401204, 0.00134229, 0.957392, 0.00114527], 
              [0.00594925, 0.00294328, 0.00134229, 0.989764], 
              [0.198429, 0.798223, 0.00134229, 0.00200597], 
              [0.995633, 0.00134229, 0.00134229, 0.00168259], 
              [0.00768159, 0.487875, 0.0214726, 0.482971], 
              [0.199935, 0.395161, 0.101275, 0.303629]
            ]
          }, {
            "db": 0,
            "id": "E2F4_DBD_1",
            "len": 12,
            "nsites": 20,
            "url": "http://floresta.eead.csic.es/footprintdb/index.php?db=HumanTF:1.0&motif=E2F4_DBD_1",
            "pwm": [
              [0.935251, 0.00134229, 0.00134229, 0.0620647], 
              [0.830332, 0.00134229, 0.0301841, 0.138141], 
              [0.0953114, 0.00134229, 0.180259, 0.723088], 
              [0.00539801, 0.00559502, 0.979358, 0.00964975], 
              [0.00114527, 0.00134229, 0.996367, 0.00114527], 
              [0.00114527, 0.996367, 0.00134229, 0.00114527], 
              [0.00114527, 0.00134229, 0.996367, 0.00114527], 
              [0.00114527, 0.996367, 0.00134229, 0.00114527], 
              [0.00114527, 0.996367, 0.00134229, 0.00114527], 
