<!DOCTYPE HTML>
<html>
  <head>
    <meta charset="UTF-8">
    <title>TOMTOM</title>
    <script>
      // @JSON_VAR data
      var data = {
        "program": "Tomtom",
        "version": "4.12.0",
        "release": "Tue Jun 27 16:22:50 2017 -0700",
        "cmd": [
          "tomtom", "-verbosity", "1", "-oc", "meme_tomtom_out",
          "-min-overlap", "5", "-dist", "pearson", "-evalue", "-thresh", "1",
          "-no-ssc", "-bfile", "./background", "meme_out/meme.xml",
          "db/EUKARYOTE/jolma2013.meme",
          "db/JASPAR/JASPAR2018_CORE_vertebrates_non-redundant.meme",
          "db/MOUSE/uniprobe_mouse.meme"
        ],
        "options": {
          "strands": "both",
          "distance_measure": "pearson",
          "threshold_type": "evalue",
          "threshold_value": 1,
          "background_source": "file",
          "background_file": "./background"
        },
        "alphabet": {
          "name": "DNA",
          "like": "dna",
          "ncore": 4,
          "symbols": [
            {
              "symbol": "A",
              "name": "Adenine",
              "colour": "CC0000",
              "complement": "T"
            }, {
              "symbol": "C",
              "name": "Cytosine",
              "colour": "0000CC",
              "complement": "G"
            }, {
              "symbol": "G",
              "name": "Guanine",
              "colour": "FFB300",
              "complement": "C"
            }, {
              "symbol": "T",
              "aliases": "U",
              "name": "Thymine",
              "colour": "008000",
              "complement": "A"
            }, {
              "symbol": "N",
              "aliases": "X.",
              "name": "Any base",
              "equals": "ACGT"
            }, {
              "symbol": "V",
              "name": "Not T",
              "equals": "ACG"
            }, {
              "symbol": "H",
              "name": "Not G",
              "equals": "ACT"
            }, {
              "symbol": "D",
              "name": "Not C",
              "equals": "AGT"
            }, {
              "symbol": "B",
              "name": "Not A",
              "equals": "CGT"
            }, {
              "symbol": "M",
              "name": "Amino",
              "equals": "AC"
            }, {
              "symbol": "R",
              "name": "Purine",
              "equals": "AG"
            }, {
              "symbol": "W",
              "name": "Weak",
              "equals": "AT"
            }, {
              "symbol": "S",
              "name": "Strong",
              "equals": "CG"
            }, {
              "symbol": "Y",
              "name": "Pyrimidine",
              "equals": "CT"
            }, {
              "symbol": "K",
              "name": "Keto",
              "equals": "GT"
            }
          ]
        },
        "background": [0.2185, 0.2815, 0.2815, 0.2185],
        "query_dbs": [
          {
            "source": "meme_out/meme.xml",
            "name": "meme",
            "loaded": 3,
            "excluded": 0,
            "last_modified": "Mon May 14 15:49:42 2018"
          }
        ],
        "target_dbs": [
          {
            "source": "db/EUKARYOTE/jolma2013.meme",
            "name": "jolma2013",
            "loaded": 843,
            "excluded": 0,
            "last_modified": "Thu Dec  7 02:58:49 2017"
          }, {
            "source": "db/JASPAR/JASPAR2018_CORE_vertebrates_non-redundant.meme",
            "name": "JASPAR2018 CORE vertebrates non-redundant",
            "loaded": 579,
            "excluded": 0,
            "last_modified": "Thu Dec  7 19:38:42 2017"
          }, {
            "source": "db/MOUSE/uniprobe_mouse.meme",
            "name": "uniprobe mouse",
            "loaded": 386,
            "excluded": 0,
            "last_modified": "Thu Dec  7 02:59:31 2017"
          }
        ],
        "queries": [
          {
            "db": 0,
            "id": "CCACATGGTVGCTCACAACYRTCTGTAACT",
            "alt": "MEME-3",
            "len": 30,
            "nsites": 4,
            "evalue": "6.0e+001",
            "pwm": [
              [0.00532927, 0.982476, 0.00686585, 0.00532927], 
              [0.249232, 0.738573, 0.00686585, 0.00532927], 
              [0.737037, 0.00686585, 0.250768, 0.00532927], 
              [0.00532927, 0.982476, 0.00686585, 0.00532927], 
              [0.980939, 0.00686585, 0.00686585, 0.00532927], 
              [0.249232, 0.00686585, 0.00686585, 0.737037], 
              [0.249232, 0.00686585, 0.738573, 0.00532927], 
              [0.249232, 0.00686585, 0.738573, 0.00532927], 
              [0.00532927, 0.250768, 0.00686585, 0.737037], 
              [0.249232, 0.250768, 0.494671, 0.00532927], 
              [0.249232, 0.00686585, 0.738573, 0.00532927], 
              [0.00532927, 0.982476, 0.00686585, 0.00532927], 
              [0.00532927, 0.00686585, 0.00686585, 0.980939], 
              [0.00532927, 0.982476, 0.00686585, 0.00532927], 
              [0.980939, 0.00686585, 0.00686585, 0.00532927], 
              [0.00532927, 0.738573, 0.00686585, 0.249232], 
              [0.980939, 0.00686585, 0.00686585, 0.00532927], 
              [0.737037, 0.00686585, 0.250768, 0.00532927], 
              [0.00532927, 0.982476, 0.00686585, 0.00532927], 
              [0.00532927, 0.494671, 0.00686585, 0.493134], 
              [0.493134, 0.00686585, 0.494671, 0.00532927], 
              [0.00532927, 0.250768, 0.00686585, 0.737037], 
              [0.00532927, 0.982476, 0.00686585, 0.00532927], 
              [0.00532927, 0.00686585, 0.00686585, 0.980939], 
              [0.00532927, 0.00686585, 0.982476, 0.00532927], 
              [0.00532927, 0.250768, 0.00686585, 0.737037], 
              [0.980939, 0.00686585, 0.00686585, 0.00532927], 
              [0.980939, 0.00686585, 0.00686585, 0.00532927], 
              [0.00532927, 0.738573, 0.00686585, 0.249232], 
              [0.00532927, 0.00686585, 0.00686585, 0.980939]
            ]
          }, {
            "db": 0,
            "id": "RRSAGGAAGTG",
            "alt": "MEME-2",
            "len": 11,
            "nsites": 188,
            "evalue": "5.8e-072",
            "pwm": [
              [0.425422, 0.14369, 0.372292, 0.0585961], 
              [0.568963, 0.000149654, 0.430772, 0.000116162], 
              [0.170239, 0.40419, 0.414823, 0.0107485], 
              [0.834778, 0.117108, 0.0479962, 0.000116162], 
              [0.000116162, 0.000149654, 0.999618, 0.000116162], 
              [0.000116162, 0.000149654, 0.978352, 0.0213819], 
              [0.999585, 0.000149654, 0.000149654, 0.000116162], 
              [0.856044, 0.000149654, 0.000149654, 0.143657], 
              [0.202137, 0.000149654, 0.797597, 0.000116162], 
              [0.0904941, 0.196854, 0.149006, 0.563646], 
              [0.260616, 0.14369, 0.526466, 0.0692284]
            ]
          }, {
            "db": 0,
            "id": "STCCCCWGGGACHN",
            "alt": "MEME-1",
            "len": 14,
            "nsites": 585,
            "evalue": "6.0e-889",
            "pwm": [
              [0.12822, 0.319651, 0.38118, 0.170948], 
              [0.0154197, 0.11114, 0.0222663, 0.851174], 
              [3.73441e-05, 0.999877, 4.81114e-05, 3.73441e-05], 
              [3.73441e-05, 0.869984, 4.81114e-05, 0.12993], 
              [3.73441e-05, 0.952022, 0.00346653, 0.0444737], 
              [0.102584, 0.608491, 0.0461942, 0.242731], 
              [0.468333, 0.0342303, 0.0564485, 0.440988], 
              [0.0120013, 0.00175682, 0.986205, 3.73441e-05], 
              [0.239312, 4.81114e-05, 0.740093, 0.0205468], 
              [3.73441e-05, 4.81114e-05, 0.999877, 3.73441e-05], 
              [0.62899, 0.0427758, 0.268378, 0.0598561], 
              [0.239312, 0.488854, 0.193177, 0.0786559], 
              [0.239312, 0.352125, 0.0667037, 0.341859], 
              [0.20513, 0.275215, 0.198305, 0.32135]
            ]
          }
        ],
        "targets": [
          {
            "db": 0,
            "id": "EBF1_full",
            "len": 14,
            "nsites": 20,
            "url": "http://floresta.eead.csic.es/footprintdb/index.php?db=HumanTF:1.0&motif=EBF1_full",
            "pwm": [
              [0.716422, 0.0755119, 0.108379, 0.0996871], 
              [0.166602, 0.179153, 0.216506, 0.437739], 
              [0.0213935, 0.128729, 0.0014005, 0.848477], 
              [0.00108706, 0.993854, 0.00332886, 0.00172985], 
              [0.00298955, 0.980571, 0.00393682, 0.012502], 
              [0.00108706, 0.992574, 0.0014005, 0.00493881], 
              [0.363031, 0.253215, 0.0419746, 0.341779], 
              [0.501821, 0.0510224, 0.135445, 0.31171], 
              [0.0143876, 0.0052005, 0.979324, 0.00108706], 
              [0.0652632, 0.00619851, 0.927451, 0.00108706], 
              [0.00488507, 0.0014005, 0.978702, 0.0150124], 
              [0.92159, 0.0115358, 0.0514801, 0.0153955], 
              [0.390333, 0.379046, 0.0948453, 0.135777], 
              [0.162199, 0.235979, 0.0536005, 0.548221]
            ]
          }, {
            "db": 0,
            "id": "ELF1_DBD",
            "len": 12,
            "nsites": 20,
            "url": "http://floresta.eead.csic.es/footprintdb/index.php?db=HumanTF:1.0&motif=ELF1_DBD",
            "pwm": [
              [0.583999, 0.08849, 0.150214, 0.177296], 
              [0.760744, 0.0767716, 0.0366612, 0.125823], 
              [0.133772, 0.73318, 0.065301, 0.0677478], 
              [0.0267348, 0.903518, 0.0686602, 0.00108706], 
              [0.0334821, 0.96403, 0.0014005, 0.00108706], 
              [0.00108706, 0.0014005, 0.996425, 0.00108706], 
              [0.00108706, 0.0014005, 0.996425, 0.00108706], 
              [0.994383, 0.0014005, 0.00312985, 0.00108706], 
              [0.979088, 0.00168408, 0.0014005, 0.0178264], 
              [0.135603, 0.0014005, 0.861659, 0.00133682], 
              [0.0100373, 0.080108, 0.0014005, 0.908455], 
              [0.301963, 0.190819, 0.392365, 0.114853]
            ]
          }, {
            "db": 0,
            "id": "ELF5_DBD",
            "len": 11,
            "nsites": 20,
            "url": "http://floresta.eead.csic.es/footprintdb/index.php?db=HumanTF:1.0&motif=ELF5_DBD",
            "pwm": [
              [0.689841, 0.0398612, 0.0641647, 0.206133], 
              [0.209356, 0.456481, 0.177695, 0.156468], 
              [0.202377, 0.497977, 0.283768, 0.0158791], 
              [0.339336, 0.610377, 0.0412701, 0.00901841], 
              [0.00108706, 0.0014005, 0.990368, 0.00714478], 
              [0.00108706, 0.0014005, 0.9912, 0.00631294], 
              [0.996112, 0.0014005, 0.0014005, 0.00108706], 
              [0.929832, 0.00222935, 0.0014005, 0.0665388], 
              [0.167658, 0.0282741, 0.797652, 0.00641542], 
              [0.0801955, 0.149786, 0.056502, 0.713518], 
              [0.347512, 0.13597, 0.295999, 0.22052]
            ]
          }, {
            "db": 0,
            "id": "ELF5_full",
            "len": 11,
            "nsites": 20,
            "url": "http://floresta.eead.csic.es/footprintdb/index.php?db=HumanTF:1.0&motif=ELF5_full",
            "pwm": [
              [0.640104, 0.0680532, 0.0810134, 0.21083], 
              [0.228601, 0.429597, 0.17935, 0.162452], 
              [0.205562, 0.509582, 0.263674, 0.0211826], 
              [0.334515, 0.579526, 0.0720652, 0.013894], 
              [0.00198358, 0.0014005, 0.989553, 0.00706318], 
              [0.00257463, 0.0014005, 0.987501, 0.00852388], 
              [0.990248, 0.00543234, 0.00176667, 0.00255274], 
              [0.892969, 0.0219617, 0.0014005, 0.0836692], 
              [0.223257, 0.040093, 0.714594, 0.0220562], 
              [0.12049, 0.18063, 0.079501, 0.61938], 
              [0.347449, 0.135395, 0.276612, 0.240543]
            ]
          }, {
            "db": 0,
            "id": "ELK1_DBD_1",
            "len": 10,
            "nsites": 20,
            "url": "http://floresta.eead.csic.es/footprintdb/index.php?db=HumanTF:1.0&motif=ELK1_DBD_1",
            "pwm": [
              [0.594756, 0.0803766, 0.176983, 0.147885], 
              [0.104847, 0.769131, 0.0930632, 0.0329597], 
              [0.0520224, 0.943064, 0.00382637, 0.00108706], 
              [0.00108706, 0.00260547, 0.99522, 0.00108706], 
              [0.00108706, 0.0014005, 0.993419, 0.00409304], 
              [0.98863, 0.00334577, 0.0014005, 0.00662338], 
              [0.867582, 0.0151856, 0.00205721, 0.115176], 
              [0.149494, 0.0700393, 0.766626, 0.0138413], 
              [0.056891, 0.176086, 0.0493876, 0.717635], 
              [0.3204, 0.154272, 0.306391, 0.218937]
            ]
          }, {
            "db": 0,
            "id": "ELK1_DBD_2",
            "len": 10,
            "nsites": 20,
            "url": "http://floresta.eead.csic.es/footprintdb/index.php?db=HumanTF:1.0&motif=ELK1_DBD_2",
            "pwm": [
              [0.679004, 0.042099, 0.193187, 0.08571], 
              [0.0259328, 0.936587, 0.0315746, 0.00590498], 
              [0.00881144, 0.98698, 0.00267015, 0.00153881], 
              [0.00108706, 0.00185622, 0.995405, 0.00165124], 
              [0.00117264, 0.00227612, 0.980228, 0.0163229], 
              [0.989209, 0.00642637, 0.00273781, 0.00162637], 
              [0.943486, 0.00825124, 0.00263532, 0.0456284], 
              [0.0593836, 0.0470363, 0.886809, 0.00676965], 
              [0.0179169, 0.11732, 0.0220343, 0.842729], 
              [0.289426, 0.146352, 0.376606, 0.187614]
            ]
          }, {
            "db": 0,
            "id": "ELK1_full_1",
            "len": 10,
            "nsites": 20,
            "url": "http://floresta.eead.csic.es/footprintdb/index.php?db=HumanTF:1.0&motif=ELK1_full_1",
            "pwm": [
              [0.765547, 0.0397279, 0.119228, 0.075497], 
              [0.0496035, 0.902215, 0.0359796, 0.0122015], 
              [0.0211139, 0.975254, 0.00254478, 0.00108706], 
              [0.00108706, 0.0014005, 0.996035, 0.00147711], 
              [0.00379055, 0.0019796, 0.987541, 0.00668806], 
              [0.994361, 0.00276269, 0.00178955, 0.00108706], 
              [0.942113, 0.00858856, 0.00250597, 0.0467925], 
              [0.112624, 0.0324851, 0.850147, 0.00474378], 
              [0.0323119, 0.118254, 0.0265099, 0.822924], 
              [0.342506, 0.125535, 0.332101, 0.199858]
            ]
          }, {
            "db": 0,
            "id": "ELK3_DBD",
            "len": 10,
            "nsites": 20,
            "url": "http://floresta.eead.csic.es/footprintdb/index.php?db=HumanTF:1.0&motif=ELK3_DBD",
            "pwm": [
              [0.602674, 0.0804642, 0.193145, 0.123717], 
              [0.0964761, 0.794654, 0.0804781, 0.0283915], 
              [0.0512771, 0.937033, 0.00725622, 0.00443333], 
              [0.00153184, 0.0014005, 0.995981, 0.00108706], 
              [0.00194478, 0.00311493, 0.960414, 0.0345259], 
              [0.991243, 0.004499, 0.00272886, 0.00152985], 
              [0.846461, 0.0176502, 0.0014005, 0.134488], 
              [0.164196, 0.0816443, 0.734077, 0.0200841], 
              [0.0504622, 0.160643, 0.0563348, 0.73256], 
              [0.347144, 0.142848, 0.290078, 0.21993]
            ]
          }, {
            "db": 0,
            "id": "ELK4_DBD",
            "len": 10,
            "nsites": 20,
            "url": "http://floresta.eead.csic.es/footprintdb/index.php?db=HumanTF:1.0&motif=ELK4_DBD",
            "pwm": [
              [0.66876, 0.0569099, 0.166134, 0.108197], 
              [0.0748154, 0.843228, 0.0667209, 0.0152353], 
              [0.06131, 0.933506, 0.00409701, 0.00108706], 
              [0.00108706, 0.00239353, 0.995432, 0.00108706], 
              [0.00108706, 0.0014005, 0.982504, 0.0150085], 
              [0.99297, 0.00382637, 0.0014005, 0.00180448], 
              [0.816726, 0.0154174, 0.00224328, 0.165613], 
              [0.326325, 0.031094, 0.636303, 0.00627811], 
              [0.036504, 0.302977, 0.0458413, 0.614678], 
              [0.271201, 0.201331, 0.362365, 0.165103]
            ]
          }, {
            "db": 0,
            "id": "ERF_DBD",
            "len": 10,
            "nsites": 20,
            "url": "http://floresta.eead.csic.es/footprintdb/index.php?db=HumanTF:1.0&motif=ERF_DBD",
            "pwm": [
              [0.833659, 0.0176463, 0.135424, 0.0132711], 
              [0.028509, 0.804472, 0.0327398, 0.134279], 
              [0.106492, 0.865723, 0.026698, 0.00108706], 
              [0.00108706, 0.0014005, 0.996425, 0.00108706], 
              [0.00108706, 0.0157517, 0.982074, 0.00108706], 
              [0.95874, 0.0154154, 0.0154154, 0.0104303], 
              [0.869087, 0.0014005, 0.0014005, 0.128112], 
              [0.269482, 0.0570433, 0.672388, 0.00108706], 
              [0.00108706, 0.16014, 0.0439896, 0.794784], 
              [0.303497, 0.137973, 0.450137, 0.108394]
            ]
          }, {
            "db": 0,
            "id": "ERG_DBD_1",
            "len": 10,
            "nsites": 20,
            "url": "http://floresta.eead.csic.es/footprintdb/index.php?db=HumanTF:1.0&motif=ERG_DBD_1",
            "pwm": [
              [0.688422, 0.0417438, 0.129052, 0.140782], 
              [0.113718, 0.79749, 0.0707925, 0.0179995], 
              [0.121921, 0.870263, 0.00558657, 0.00222836], 
              [0.00130498, 0.0014005, 0.996207, 0.00108706], 
              [0.00108706, 0.00161741, 0.989931, 0.00736567], 
              [0.990262, 0.00573284, 0.0014005, 0.00260348], 
              [0.766336, 0.0213448, 0.00257363, 0.209746], 
              [0.422923, 0.0225985, 0.547456, 0.00702239], 
              [0.0216045, 0.238925, 0.0545667, 0.684905], 
              [0.220315, 0.241113, 0.364892, 0.17368]
            ]
          }, {
            "db": 0,
            "id": "ERG_full_1",
            "len": 10,
            "nsites": 20,
            "url": "http://floresta.eead.csic.es/footprintdb/index.php?db=HumanTF:1.0&motif=ERG_full_1",
            "pwm": [
              [0.719131, 0.0411776, 0.12863, 0.11106], 
              [0.0852502, 0.834547, 0.0719886, 0.00821343], 
              [0.0930483, 0.904464, 0.0014005, 0.00108706], 
              [0.00108706, 0.0014005, 0.994402, 0.00310995], 
              [0.00108706, 0.0014005, 0.991185, 0.00632786], 
              [0.98847, 0.00260746, 0.00300945, 0.00591294], 
              [0.835087, 0.00751493, 0.0014005, 0.155998], 
              [0.370736, 0.0153418, 0.609648, 0.00427413], 
              [0.021108, 0.259482, 0.0450085, 0.674401], 
              [0.241028, 0.198379, 0.401437, 0.159156]
            ]
          }, {
            "db": 0,
            "id": "ETS1_DBD_1",
            "len": 10,
            "nsites": 20,
            "url": "http://floresta.eead.csic.es/footprintdb/index.php?db=HumanTF:1.0&motif=ETS1_DBD_1",
            "pwm": [
              [0.708467, 0.0567677, 0.170138, 0.0646274], 
              [0.0573736, 0.840386, 0.0942741, 0.00796667], 
              [0.136845, 0.858431, 0.00363632, 0.00108706], 
              [0.00108706, 0.00912786, 0.988698, 0.00108706], 
              [0.00108706, 0.0014005, 0.991995, 0.00551791], 
              [0.996112, 0.0014005, 0.0014005, 0.00108706], 
              [0.736123, 0.00386617, 0.00989303, 0.250117], 
              [0.404961, 0.00909701, 0.580457, 0.00548507], 
              [0.0316771, 0.246118, 0.0440194, 0.678186], 
              [0.29889, 0.150117, 0.403045, 0.147949]
            ]
          }, {
            "db": 0,
            "id": "ETS1_DBD_2",
            "len": 18,
            "nsites": 20,
            "url": "http://floresta.eead.csic.es/footprintdb/index.php?db=HumanTF:1.0&motif=ETS1_DBD_2",
            "pwm": [
              [0.658705, 0.0954851, 0.185676, 0.0601328], 
              [0.121821, 0.705148, 0.162073, 0.0109567], 
              [0.238472, 0.747122, 0.0128323, 0.00157363], 
              [0.00141144, 0.00172488, 0.995452, 0.00141144], 
              [0.00141144, 0.00204925, 0.995452, 0.00108706], 
              [0.988703, 0.00397761, 0.00462139, 0.00269801], 
              [0.603161, 0.0473577, 0.00448507, 0.344997], 
              [0.305881, 0.0185448, 0.67036, 0.00521443], 
              [0.0109478, 0.364404, 0.0414602, 0.583188], 
              [0.565244, 0.0364274, 0.387631, 0.010696], 
              [0.0104473, 0.714986, 0.030106, 0.244461], 
              [0.505453, 0.00887711, 0.0337995, 0.45187], 
              [0.0338124, 0.00695771, 0.0115886, 0.947642], 
              [0.00749005, 0.982979, 0.00588308, 0.00364826], 
              [0.00430498, 0.988058, 0.00461841, 0.00301741], 
              [0.00483234, 0.0208761, 0.766958, 0.207333], 
              [0.034292, 0.244025, 0.57985, 0.141832], 
              [0.150048, 0.224356, 0.100384, 0.525211]
            ]
          }, {
            "db": 0,
            "id": "ETS1_full_1",
            "len": 10,
            "nsites": 20,
            "url": "http://floresta.eead.csic.es/footprintdb/index.php?db=HumanTF:1.0&motif=ETS1_full_1",
            "pwm": [
              [0.652991, 0.0921547, 0.144754, 0.110101], 
              [0.079108, 0.838285, 0.0741726, 0.00843433], 
              [0.116022, 0.865948, 0.0169418, 0.00108706], 
              [0.00108706, 0.0014005, 0.996425, 0.00108706], 
              [0.00108706, 0.0043, 0.992283, 0.00232985], 
              [0.990734, 0.00346915, 0.00470995, 0.00108706], 
              [0.678213, 0.0393328, 0.00338159, 0.279071], 
              [0.460946, 0.0350483, 0.499714, 0.00429204], 
              [0.0453786, 0.360694, 0.0388194, 0.555109], 
              [0.289482, 0.211559, 0.341399, 0.157561]
            ]
          }, {
            "db": 0,
            "id": "ETV1_DBD",
            "len": 10,
            "nsites": 20,
            "url": "http://floresta.eead.csic.es/footprintdb/index.php?db=HumanTF:1.0&motif=ETV1_DBD",
            "pwm": [
              [0.613267, 0.0645607, 0.179059, 0.143113], 
              [0.0908851, 0.751445, 0.117062, 0.0406065], 
              [0.0722323, 0.912711, 0.00944527, 0.00561244], 
              [0.00108706, 0.0014005, 0.996425, 0.00108706], 
              [0.00108706, 0.0014005, 0.977575, 0.0199378], 
              [0.973839, 0.0105239, 0.00354677, 0.0120891], 
              [0.680493, 0.0375726, 0.0079607, 0.273974], 
              [0.252214, 0.0810323, 0.655182, 0.0115716], 
              [0.0672642, 0.24862, 0.0732502, 0.610865], 
              [0.366159, 0.148252, 0.298673, 0.186917]
            ]
          }, {
            "db": 0,
            "id": "ETV2_DBD",
            "len": 11,
            "nsites": 20,
            "url": "http://floresta.eead.csic.es/footprintdb/index.php?db=HumanTF:1.0&motif=ETV2_DBD",
            "pwm": [
              [0.536105, 0.11482, 0.181246, 0.167828], 
              [0.96517, 0.00954279, 0.0201289, 0.00515871], 
              [0.043099, 0.874074, 0.0817398, 0.00108706], 
              [0.0896692, 0.905552, 0.00369104, 0.00108706], 
              [0.00108706, 0.0014005, 0.996425, 0.00108706], 
              [0.00108706, 0.0014005, 0.996425, 0.00108706], 
              [0.996112, 0.0014005, 0.0014005, 0.00108706], 
              [0.888217, 0.00214975, 0.0014005, 0.108232], 
              [0.711459, 0.0030801, 0.284374, 0.00108706], 
              [0.0115736, 0.25773, 0.0398502, 0.690846], 
              [0.469854, 0.103114, 0.280007, 0.147024]
            ]
          }, {
            "db": 0,
            "id": "ETV3_DBD",
            "len": 10,
            "nsites": 20,
            "url": "http://floresta.eead.csic.es/footprintdb/index.php?db=HumanTF:1.0&motif=ETV3_DBD",
            "pwm": [
              [0.704805, 0.0897746, 0.125779, 0.0796413], 
              [0.0655129, 0.770934, 0.0515099, 0.112043], 
              [0.0388731, 0.90406, 0.0014005, 0.0556662], 
              [0.00108706, 0.0014005, 0.935595, 0.0619179], 
              [0.00108706, 0.0014005, 0.927506, 0.0700065], 
              [0.943512, 0.0364672, 0.0014005, 0.0186204], 
              [0.749095, 0.0014005, 0.0014005, 0.248104], 
              [0.202173, 0.0499378, 0.746802, 0.00108706], 
              [0.00108706, 0.126758, 0.0288224, 0.843333], 
              [0.24063, 0.190271, 0.452847, 0.116252]
            ]
          }, {
            "db": 0,
            "id": "ETV4_DBD",
            "len": 10,
            "nsites": 20,
            "url": "http://floresta.eead.csic.es/footprintdb/index.php?db=HumanTF:1.0&motif=ETV4_DBD",
            "pwm": [
              [0.566198, 0.0750035, 0.193569, 0.16523], 
              [0.130421, 0.707734, 0.131504, 0.0303408], 
              [0.0923428, 0.896874, 0.00774478, 0.0030393], 
              [0.00108706, 0.00625721, 0.991569, 0.00108706], 
              [0.00108706, 0.0014005, 0.987292, 0.0102204], 
              [0.989647, 0.0014005, 0.00517164, 0.0037806], 
              [0.66917, 0.0232453, 0.00649801, 0.301087], 
              [0.27224, 0.0769677, 0.628847, 0.0219448], 
              [0.0670871, 0.221177, 0.0958771, 0.615858], 
              [0.404841, 0.145018, 0.263164, 0.186977]
            ]
          }, {
            "db": 0,
            "id": "ETV5_DBD",
            "len": 10,
            "nsites": 20,
            "url": "http://floresta.eead.csic.es/footprintdb/index.php?db=HumanTF:1.0&motif=ETV5_DBD",
            "pwm": [
              [0.494834, 0.0978224, 0.236692, 0.170652], 
              [0.130608, 0.56128, 0.196265, 0.111846], 
              [0.0853687, 0.89744, 0.0138254, 0.00336468], 
              [0.00108706, 0.0014005, 0.99276, 0.00475274], 
              [0.00108706, 0.0014005, 0.986409, 0.011103], 
              [0.968175, 0.0065408, 0.00587015, 0.0194144], 
              [0.54713, 0.0413915, 0.0212881, 0.390191], 
              [0.205686, 0.104764, 0.659126, 0.0304244], 
              [0.0702731, 0.297152, 0.10499, 0.527586], 
              [0.28331, 0.19714, 0.303174, 0.216377]
            ]
          }, {
            "db": 0,
            "id": "ETV6_full_1",
            "len": 15,
            "nsites": 20,
            "url": "http://floresta.eead.csic.es/footprintdb/index.php?db=HumanTF:1.0&motif=ETV6_full_1",
            "pwm": [
              [0.0980294, 0.655565, 0.172417, 0.0739896], 
              [0.140579, 0.771731, 0.0518234, 0.0358682], 
              [0.0147468, 0.0287189, 0.934083, 0.0224512], 
              [0.0455109, 0.0418164, 0.897223, 0.0154493], 
              [0.975073, 0.00463731, 0.00733483, 0.0129547], 
              [0.962972, 0.0206433, 0.0104871, 0.00589801], 
              [0.105162, 0.398448, 0.494702, 0.00168906], 
              [0.0247119, 0.905364, 0.00376269, 0.0661617], 
              [0.00667114, 0.00177264, 0.990097, 0.0014592], 
              [0.00183532, 0.00177463, 0.995303, 0.00108706], 
              [0.974999, 0.00220249, 0.0198413, 0.00295771], 
              [0.989912, 0.00409602, 0.00301841, 0.00297463], 
              [0.103316, 0.0187796, 0.875455, 0.00245025], 
              [0.00525423, 0.321131, 0.0169567, 0.656659], 
              [0.347127, 0.117176, 0.455818, 0.0798791]
            ]
          }, {
            "db": 0,
            "id": "ETV6_full_2",
            "len": 10,
            "nsites": 20,
            "url": "http://floresta.eead.csic.es/footprintdb/index.php?db=HumanTF:1.0&motif=ETV6_full_2",
            "pwm": [
              [0.414429, 0.28952, 0.207062, 0.0889896], 
              [0.0466483, 0.320331, 0.573184, 0.0598373], 
              [0.172659, 0.742903, 0.0475488, 0.0368891], 
              [0.00212587, 0.0014005, 0.993458, 0.00301542], 
              [0.00419154, 0.0014005, 0.990068, 0.0043398], 
              [0.995071, 0.0014005, 0.00244129, 0.00108706], 
              [0.983478, 0.00330995, 0.00610199, 0.00710995], 
              [0.102883, 0.00829303, 0.887738, 0.00108706], 
              [0.0241517, 0.105942, 0.0306065, 0.8393], 
              [0.305978, 0.05229, 0.478304, 0.163427]
            ]
          }, {
            "db": 0,
            "id": "Elf5_DBD",
            "len": 11,
            "nsites": 20,
            "url": "http://floresta.eead.csic.es/footprintdb/index.php?db=HumanTF:1.0&motif=Elf5_DBD",
            "pwm": [
              [0.607012, 0.0685279, 0.0970413, 0.227418], 
              [0.211162, 0.403939, 0.19009, 0.194808], 
              [0.207593, 0.507479, 0.261616, 0.0233119], 
              [0.32819, 0.574358, 0.0826483, 0.0148045], 
              [0.00108706, 0.0014005, 0.996425, 0.00108706], 
              [0.00108706, 0.0021398, 0.994947, 0.00182637], 
              [0.980344, 0.00720945, 0.0014005, 0.0110453], 
              [0.872775, 0.0218303, 0.00745423, 0.0979408], 
              [0.254654, 0.0710184, 0.660222, 0.014105], 
              [0.128351, 0.195675, 0.0920622, 0.583912], 
              [0.341513, 0.152983, 0.271539, 0.233966]
            ]
          }, {
            "db": 0,
            "id": "Elk3_DBD",
            "len": 10,
            "nsites": 20,
            "url": "http://floresta.eead.csic.es/footprintdb/index.php?db=HumanTF:1.0&motif=Elk3_DBD",
            "pwm": [
              [0.756399, 0.0371607, 0.135943, 0.070498], 
              [0.0410463, 0.911, 0.0314055, 0.0165488], 
              [0.0184333, 0.977337, 0.00299154, 0.00123831], 
              [0.00108706, 0.00224925, 0.995577, 0.00108706], 
              [0.00108706, 0.0014005, 0.988306, 0.00920647], 
              [0.994031, 0.00240249, 0.0014005, 0.00216567], 
              [0.920405, 0.00789403, 0.00304129, 0.0686592], 
              [0.115193, 0.0346373, 0.844372, 0.00579751], 
              [0.0334791, 0.108859, 0.0285219, 0.829139], 
              [0.354567, 0.111994, 0.320127, 0.213314]
            ]
          }, {
            "db": 0,
            "id": "FEV_DBD",
            "len": 10,
            "nsites": 20,
            "url": "http://floresta.eead.csic.es/footprintdb/index.php?db=HumanTF:1.0&motif=FEV_DBD",
            "pwm": [
              [0.656392, 0.05329, 0.141972, 0.148348], 
              [0.124736, 0.770781, 0.0776065, 0.0268781], 
              [0.0782562, 0.91247, 0.00781045, 0.00146418], 
              [0.00286816, 0.0014005, 0.994371, 0.0013607], 
              [0.0013607, 0.00153781, 0.994781, 0.0023199], 
              [0.991739, 0.00290398, 0.00181045, 0.00354677], 
              [0.752043, 0.0173537, 0.00202239, 0.228581], 
              [0.300542, 0.0344323, 0.655635, 0.00939055], 
              [0.0446652, 0.180128, 0.0626453, 0.712563], 
              [0.294048, 0.18783, 0.311247, 0.206874]
            ]
          }, {
            "db": 0,
            "id": "FLI1_DBD_1",
            "len": 10,
            "nsites": 20,
            "url": "http://floresta.eead.csic.es/footprintdb/index.php?db=HumanTF:1.0&motif=FLI1_DBD_1",
            "pwm": [
              [0.649101, 0.0647637, 0.181543, 0.104592], 
              [0.0875876, 0.807406, 0.0874572, 0.0175488], 
              [0.102892, 0.8893, 0.00661244, 0.00119552], 
              [0.00108706, 0.0014005, 0.996425, 0.00108706], 
              [0.00108706, 0.00243234, 0.99418, 0.002301], 
              [0.994654, 0.00225124, 0.00146119, 0.00163433], 
              [0.732429, 0.0301567, 0.00247413, 0.23494], 
              [0.454629, 0.0283109, 0.506594, 0.0104672], 
              [0.0328463, 0.286244, 0.0629896, 0.617919], 
              [0.211616, 0.282391, 0.358874, 0.147119]
            ]
          }, {
            "db": 0,
            "id": "FLI1_full_1",
            "len": 10,
            "nsites": 20,
            "url": "http://floresta.eead.csic.es/footprintdb/index.php?db=HumanTF:1.0&motif=FLI1_full_1",
            "pwm": [
              [0.794508, 0.0279776, 0.0948214, 0.082694], 
              [0.0609169, 0.892633, 0.0393925, 0.00705821], 
              [0.0611537, 0.934431, 0.00332687, 0.00108706], 
              [0.00120149, 0.0014005, 0.996265, 0.00113284], 
              [0.00108706, 0.0014005, 0.995057, 0.00245522], 
              [0.994949, 0.0018791, 0.00183333, 0.00133781], 
              [0.870121, 0.00598657, 0.0018791, 0.122013], 
              [0.430798, 0.0140652, 0.552183, 0.00295373], 
              [0.020294, 0.240644, 0.0439259, 0.695136], 
              [0.244033, 0.177549, 0.425107, 0.153311]
            ]
          }, {
            "db": 0,
            "id": "GABPA_full",
            "len": 10,
            "nsites": 20,
            "url": "http://floresta.eead.csic.es/footprintdb/index.php?db=HumanTF:1.0&motif=GABPA_full",
            "pwm": [
              [0.591979, 0.148358, 0.212652, 0.0470114], 
              [0.0319587, 0.918058, 0.0417716, 0.00821144], 
              [0.0382144, 0.956822, 0.0014005, 0.00356269], 
              [0.00108706, 0.0014005, 0.996425, 0.00108706], 
              [0.00108706, 0.00647711, 0.981196, 0.0112403], 
              [0.990983, 0.00652985, 0.0014005, 0.00108706], 
              [0.780153, 0.00341841, 0.0296572, 0.186772], 
              [0.155776, 0.0348463, 0.80829, 0.00108706], 
              [0.0136294, 0.137276, 0.0411179, 0.807977], 
              [0.404266, 0.0711816, 0.342552, 0.182]
            ]
          }, {
            "db": 0,
            "id": "SPI1_full",
            "len": 14,
            "nsites": 20,
            "url": "http://floresta.eead.csic.es/footprintdb/index.php?db=HumanTF:1.0&motif=SPI1_full",
            "pwm": [
              [0.642756, 0.0916502, 0.187104, 0.0784901], 
              [0.907742, 0.00613781, 0.070092, 0.0160284], 
              [0.988297, 0.00179154, 0.00296368, 0.00694776], 
              [0.976959, 0.0014005, 0.0014005, 0.0202403], 
              [0.89626, 0.00213582, 0.00415871, 0.0974453], 
              [0.00986915, 0.0454881, 0.943198, 0.00144527], 
              [0.271853, 0.615722, 0.111187, 0.00123831], 
              [0.00649901, 0.00158756, 0.990453, 0.0014602], 
              [0.00108706, 0.00158756, 0.996238, 0.00108706], 
              [0.995528, 0.00179055, 0.0014005, 0.00128209], 
              [0.994754, 0.00159453, 0.00159453, 0.00205721], 
              [0.00108706, 0.0351119, 0.962531, 0.00127015], 
              [0.00521343, 0.0149587, 0.00375871, 0.97607], 
              [0.50607, 0.0587716, 0.147417, 0.287742]
            ]
          }, {
            "db": 0,
            "id": "SPIB_DBD",
            "len": 14,
            "nsites": 20,
            "url": "http://floresta.eead.csic.es/footprintdb/index.php?db=HumanTF:1.0&motif=SPIB_DBD",
            "pwm": [
              [0.471935, 0.150456, 0.242261, 0.135347], 
              [0.728226, 0.0314214, 0.175281, 0.0650721], 
              [0.930702, 0.00908209, 0.0227368, 0.0374791], 
              [0.931971, 0.00510696, 0.0067199, 0.0562025], 
              [0.747779, 0.0116134, 0.0198701, 0.220739], 
              [0.0423736, 0.0917866, 0.856476, 0.00936368], 
              [0.344894, 0.529206, 0.122172, 0.00372786], 
              [0.0177905, 0.00174179, 0.979129, 0.00133881], 
              [0.00108706, 0.00167114, 0.995523, 0.00171891], 
              [0.991453, 0.00220547, 0.00327015, 0.00307114], 
              [0.989264, 0.00245224, 0.00324726, 0.00503731], 
              [0.0131617, 0.098299, 0.884695, 0.00384428], 
              [0.0179507, 0.044691, 0.0148015, 0.922558], 
              [0.407046, 0.0899418, 0.256984, 0.246029]
            ]
          }, {
            "db": 0,
            "id": "SPIC_full",
            "len": 14,
            "nsites": 20,
            "url": "http://floresta.eead.csic.es/footprintdb/index.php?db=HumanTF:1.0&motif=SPIC_full",
            "pwm": [
              [0.391506, 0.226433, 0.185765, 0.196296], 
              [0.53308, 0.103201, 0.231274, 0.132443], 
              [0.765858, 0.104193, 0.0548522, 0.075097], 
              [0.933622, 0.0446622, 0.0014005, 0.0203149], 
              [0.692751, 0.0014005, 0.0014005, 0.304448], 
              [0.100922, 0.250989, 0.60374, 0.0443488], 
              [0.450124, 0.302459, 0.24633, 0.00108706], 
              [0.00108706, 0.0363139, 0.948419, 0.0141796], 
              [0.0488184, 0.0014005, 0.85323, 0.0965507], 
              [0.895294, 0.0320841, 0.0014005, 0.0712214], 
              [0.784057, 0.127817, 0.0544144, 0.0337109], 
              [0.054101, 0.0014005, 0.943411, 0.00108706], 
              [0.161001, 0.0866881, 0.0618124, 0.690497], 
              [0.640349, 0.201517, 0.0514294, 0.106704]
            ]
          }, {
            "db": 0,
            "id": "Spic_DBD",
            "len": 14,
            "nsites": 20,
            "url": "http://floresta.eead.csic.es/footprintdb/index.php?db=HumanTF:1.0&motif=Spic_DBD",
            "pwm": [
              [0.641786, 0.113037, 0.190698, 0.0544791], 
              [0.773583, 0.0331905, 0.128561, 0.0646672], 
              [0.915518, 0.0076005, 0.0014005, 0.0754811], 
              [0.954917, 0.0014005, 0.00773781, 0.0359448], 
              [0.737627, 0.0041796, 0.0792234, 0.178969], 
              [0.00682239, 0.182053, 0.7957, 0.0154244], 
              [0.417671, 0.449825, 0.131417, 0.00108706], 
              [0.00832388, 0.0014005, 0.989189, 0.00108706], 
              [0.00108706, 0.0014005, 0.996425, 0.00108706], 
              [0.986195, 0.0014005, 0.0113179, 0.00108706], 
              [0.989478, 0.0014005, 0.0014005, 0.0077209], 
              [0.00811891, 0.0435925, 0.947201, 0.00108706], 
              [0.00840348, 0.0014005, 0.0123746, 0.977821], 
              [0.571807, 0.0671378, 0.126899, 0.234156]
            ]
          }, {
            "db": 1,
            "id": "MA0028.2",
            "alt": "ELK1",
            "len": 10,
            "nsites": 67234,
            "url": "http://jaspar2018.genereg.net/matrix/MA0028.2",
            "pwm": [
              [0.681306, 0.0409024, 0.192745, 0.0850462], 
              [0.0249703, 0.939861, 0.0303254, 0.00484232], 
              [0.00776331, 0.990506, 0.00127642, 0.000454324], 
              [3.24984e-07, 0.000458418, 0.998974, 0.000567324], 
              [8.63249e-05, 0.000880417, 0.983721, 0.0153123], 
              [0.993062, 0.00505141, 0.00134442, 0.000542324], 
              [0.94711, 0.00688541, 0.00124142, 0.0447643], 
              [0.0585882, 0.0458644, 0.889835, 0.00571132], 
              [0.0169143, 0.116499, 0.0207374, 0.845849], 
              [0.289781, 0.145676, 0.377082, 0.18746]
            ]
          }, {
            "db": 1,
            "id": "MA0062.2",
            "alt": "Gabpa",
            "len": 11,
            "nsites": 989,
            "url": "http://jaspar2018.genereg.net/matrix/MA0062.2",
            "pwm": [
              [0.0323748, 0.776492, 0.1901, 0.00103299], 
              [0.0707939, 0.924101, 0.00407205, 0.00103299], 
              [2.20908e-05, 2.84602e-05, 0.998918, 0.00103099], 
              [2.20908e-05, 2.84602e-05, 0.999927, 2.20908e-05], 
              [0.997907, 0.00103536, 0.00103536, 2.20908e-05], 
              [0.995893, 0.00204226, 2.84602e-05, 0.00203589], 
              [0.0947705, 0.0322832, 0.872924, 2.20908e-05], 
              [0.0565254, 0.263372, 0.0373607, 0.642742], 
              [0.155562, 0.138398, 0.609058, 0.0969823], 
              [0.266662, 0.264648, 0.419178, 0.0495121], 
              [0.235352, 0.360598, 0.226269, 0.177782]
            ]
          }, {
            "db": 1,
            "id": "MA0076.2",
            "alt": "ELK4",
            "len": 11,
            "nsites": 3427,
            "url": "http://jaspar2018.genereg.net/matrix/MA0076.2",
            "pwm": [
              [0.0869608, 0.425441, 0.258536, 0.229063], 
              [0.114097, 0.555872, 0.166329, 0.163702], 
              [0.593511, 0.042318, 0.302888, 0.0612826], 
              [6.37565e-06, 0.784344, 0.00467708, 0.210972], 
              [0.00234031, 8.21394e-06, 8.21394e-06, 0.997643], 
              [6.37565e-06, 8.21394e-06, 8.21394e-06, 0.999977], 
